4096
0	8109.671875	0
1	-192.8376792	-75.23445555
2	-198.0216	-427.7996007
3	298.0426911	262.1546248
4	192.012355	-249.7051321
5	104.160643	322.6786039
6	-151.2732306	-97.47551896
7	-46.21740679	92.2338761
8	79.17786029	-71.90931395
9	-114.7903511	-6.233279112
10	16.14629203	20.24743733
11	67.84358868	51.89422214
12	16.06952438	20.98818897
13	52.9009044	-31.41621669
14	-90.35871395	-28.22858538
15	26.79831202	31.7857009
16	32.36737724	-19.08661917
17	30.76051557	1.2404504
18	-26.8572387	-14.30507215
19	-23.95417369	20.83050001
20	-34.67110903	24.80409549
21	7.335461444	-19.86774515
22	15.12560023	5.278658191
23	59.91261048	0.7516073557
24	-10.43778324	-5.868158364
25	-10.4422764	23.12553965
26	1.404043465	25.39967982
27	18.64873692	-45.12535963
28	33.040747	12.74374454
29	-15.60108129	-24.1147234
30	-25.45118807	-12.87748873
32	-6.465666383	-13.19065031
33	6.676555259	-23.73060775
34	4.682164308	-17.77538814
35	-17.0254241	-35.1037173
36	-31.30616761	8.735514121
37	20.48339839	16.56240766
38	-3.291886436	15.28019323
40	-31.55961729	-76.77651071
41	-14.1818742	22.6333568
42	3.289223623	40.58110983
44	30.69864159	93.9437698
45	-9.993415605	-118.426368
46	-6.444950701	-110.6611348
47	102.2863229	9.394680173
48	11.90189219	107.4557584
49	30.75182072	42.64054793
50	-22.88781335	-90.37860932
51	-38.73016756	-123.7777765
52	102.48446	15.78782263
53	-32.66941064	159.451655
54	156.3522138	95.81508296
55	-77.11462479	-60.98210951
56	-21.83932579	-1.423671136
57	-43.61352952	49.50110314
58	70.34820775	-44.46889296
59	67.55595966	189.7994703
60	-75.9179072	130.5585373
61	-78.28629732	-119.3085202
62	54.70546575	-121.5696577
63	-153.2574799	112.6297124
64	-55.80324395	-113.8006455
65	113.2647861	-11.71975457
66	124.3028902	93.46009132
67	-125.0356518	-125.5330365
68	74.52701369	147.2536616
69	-41.92566376	-31.35393062
70	-10.60245663	-8.705866861
72	6.068597766	41.57077824
73	29.4331604	-18.0924628
74	10.56582011	1.458608534
75	-28.49615698	137.417524
76	-9.589957505	-75.82819096
77	39.2691632	-5.51479348
78	-7.704382877	-40.46066856
79	-71.87116862	-32.92674446
80	22.40493484	37.46112416
82	7.271826915	-14.3141036
83	40.78780745	8.306034656
84	-25.10151658	4.042605881
85	1.102248832	-15.30409435
86	22.29662006	6.488250202
87	26.39542662	16.96811927
88	16.09388178	-16.5398556
89	-20.12953922	9.992091717
90	-29.33575714	-1.967816856
91	24.6863328	12.5304699
92	23.95585842	1.701465154
93	-22.5600157	14.01183717
94	17.3026892	-3.203517201
95	-28.32528825	-16.80349522
97	-13.6778137	-7.640400508
98	8.596018652	6.784150034
100	-57.85314991	-18.31947924
101	-25.84074516	-21.84979627
102	24.42679004	-38.14135956
103	19.03939505	-9.599594906
104	30.617576	17.71666088
105	-23.89653246	33.2567644
106	-61.04099259	-9.622456958
107	12.72659875	-26.70231258
108	-3.338575667	17.71269751
109	24.15504228	62.18933056
110	5.931685479	-43.01343806
111	-27.06076936	-33.70124262
112	14.85009421	-6.305876928
113	-28.57015415	-83.27358495
114	13.87764819	75.82605821
115	-29.80931623	16.18384383
116	69.49918223	-14.8402687
117	78.3530909	13.76939385
118	-113.0896783	46.20855427
119	-6.113568192	35.20995538
120	-52.74984643	-35.68124435
121	99.00622715	26.28701609
122	-41.12370556	-53.00325931
123	45.38351794	-25.45543481
124	-64.57823243	18.46037185
125	-44.68980818	44.19780223
126	19.12042409	53.67508971
127	-192.2038073	-144.3422082
128	-58.03107717	29.71465366
129	234.2391245	108.3532075
130	-31.35248658	-120.7772906
131	31.50856704	-18.68705078
132	38.80042646	96.74802646
133	-151.4356745	24.95023013
134	83.15804202	-3.482044304
135	-71.85995887	-28.9415111
136	9.499162099	-16.21325028
137	-22.22257649	45.06993917
138	41.70567646	12.45148362
139	20.2847438	-17.80034625
140	-0.6905880614	-39.24724424
141	-19.58301902	15.0442757
142	8.530750272	12.06691521
143	3.538908495	30.88523978
144	10.33617684	2.578008496
145	-10.81740076	-17.39080735
146	29.76312772	-20.10079747
147	-18.92964066	28.42650407
152	-21.07918802	14.61120211
153	-6.164870203	12.32285089
154	13.00347223	-33.4758492
156	-18.10815734	-4.374937249
157	16.55931829	-23.95818166
159	6.815193778	-15.53543561
162	10.74203013	-13.02119873
164	-2.9681381	9.919949516
165	9.901961347	-53.56331441
166	-0.1495289741	13.91172835
167	11.87866857	-11.13421989
168	-6.395466387	30.41840664
169	18.62905515	15.49040677
170	-32.26609987	-5.901761723
171	44.64583353	-5.93063617
172	19.21875	-3.479501382
173	30.72330178	-16.59817108
174	-7.284715843	33.13698307
175	-24.90259994	-2.714300606
176	-25.10675502	28.98155702
177	21.80798125	6.284930289
178	45.87290214	-32.84516514
179	-25.61866426	-18.59440203
180	2.858364642	45.13662547
181	-45.85061306	3.538799267
182	38.3998325	-5.315380302
183	26.74233578	-34.61677044
184	-23.1610044	-24.63547357
185	39.86285596	56.19555048
186	-51.19998746	33.335231
187	37.12786667	-1.221692951
188	-104.1004253	-66.15652389
189	43.06644796	75.48419004
190	21.3997629	-98.9215421
191	-92.0972329	-36.44495899
192	31.18017592	82.13042526
193	-45.76726466	71.21666768
194	18.19665441	-86.58990771
195	37.27490033	-29.0090047
196	-63.71016009	-23.18574182
197	44.32654486	27.32765168
199	-0.9518910344	28.8404735
200	37.13080402	-11.72693332
201	-30.15796212	-14.17985578
202	-2.230774787	18.09265183
203	-28.11887366	24.85007132
204	27.07988154	39.568695
205	16.6767342	-18.13191212
207	4.297374726	-52.94447086
208	-20.42128847	10.92722385
209	19.97388459	10.84552299
210	4.300505112	16.31306901
211	-25.70300699	5.049016141
212	-18.93692186	-2.126248828
213	19.23037524	18.39343037
217	-24.81196328	-29.05521642
218	-3.213361269	-12.76795946
219	-3.684595486	10.78534321
220	12.88502927	2.704988011
221	2.55315447	-20.40811201
224	1.621195856	13.16084592
227	3.421311743	16.89640408
228	-1.162963902	-18.42121513
229	-10.74520003	-0.003928307823
232	19.35513826	16.16848941
233	-18.07487339	-10.86911717
234	0.9097522559	-20.31962682
236	-23.89109515	-4.355384474
237	42.54437286	26.45250835
238	-22.68601852	9.473859881
239	25.2312812	-26.87913443
240	-3.413718231	-30.40799482
241	-0.2140895653	34.46935892
242	-25.2772079	-5.424424591
243	52.9245455	-11.86943714
244	-11.4890023	-3.028205205
245	-39.44997159	12.3228771
246	-11.76790655	-9.18586672
247	-9.208032636	46.86747527
248	32.12377413	9.644871415
249	-24.42540951	2.51001442
250	42.69183213	-28.40777971
251	-4.677494855	30.20330902
252	14.35960309	-6.462801861
254	-83.71152441	-99.07152463
255	-89.03216933	18.07832109
256	57.5000636	88.76049797
257	13.74630885	-75.11742942
258	100.9533895	-32.23262159
259	-38.6687812	19.4324888
260	-18.30824247	48.54058855
261	31.75293216	15.86894527
262	-17.27511374	-26.85821974
263	-17.06932296	-0.3635759229
264	15.56566935	13.02891299
265	29.66590282	12.56694139
266	-13.37013572	-25.967296
267	2.651026659	59.75544158
268	-50.26071353	-16.70676939
269	45.21102156	-33.15738631
270	-15.14513575	-12.33961646
271	-17.95063097	18.48883172
272	19.37190012	-21.89529301
273	-23.46722793	16.99226709
277	2.196976235	-14.99103658
280	-11.23014542	-14.32371826
281	24.01125355	-2.084620948
282	-5.226836012	10.53327619
283	-12.84275344	-15.01534384
285	-8.625979812	22.97675391
286	19.07595268	-0.45370609
287	11.84321753	-14.17539819
289	-10.18722361	-5.312526973
290	20.27556952	9.207359905
291	-7.085679825	-8.844458251
292	-2.57888907	10.29857666
294	-5.831619136	8.382381532
295	8.014374498	-29.15060652
296	-1.388207896	12.54387249
297	-35.08404868	-8.32668653
298	8.595778334	10.59551688
299	5.006401673	27.52141229
300	12.98185964	-18.80659114
301	-19.54579277	4.441805873
302	11.75955719	12.50425778
303	2.661850551	25.24793457
304	-2.915288364	-25.07136627
305	16.09560134	1.969058545
306	-33.57818963	-18.35999977
307	-6.015203176	9.202716213
308	0.9783096301	12.95925781
309	-6.003234852	19.32228894
310	10.67753582	11.76312529
311	23.29121017	7.269893471
312	-61.32946135	-38.38646869
313	38.05889824	5.60196259
314	25.68823963	38.98433152
315	-65.66087946	-18.33436435
316	30.85941629	-18.65361332
317	-49.22132081	47.74191209
318	-19.71586189	-88.27002645
320	-4.198583032	26.48791189
321	98.58049589	-6.534552985
322	-48.55458492	82.92707511
323	84.35059584	-51.19790442
324	-103.9022439	-18.12761491
325	30.66897535	54.27660993
326	-42.54303102	41.97618533
327	44.6833166	-77.88173575
328	-44.99334945	35.48144937
329	14.81608343	54.52197294
330	23.93307089	-25.68884764
331	-10.00412661	-24.46555676
332	-36.52151424	6.776429123
333	49.59535883	12.99595363
334	-19.45594748	2.757121342
335	15.64782026	-32.45143224
336	-6.08329929	17.62683031
337	26.05718308	-2.025058405
338	-8.714202313	6.457725444
339	2.113696566	-29.80435865
340	-14.20608022	23.13536469
341	-10.59185059	-10.73905072
342	24.96743891	-10.02408263
343	-1.005883442	13.96162815
345	3.728873586	-15.56142256
346	-10.37961828	26.04510876
347	4.029250879	-10.99558781
348	9.722057502	10.56391326
349	12.93463872	-17.25517384
352	-8.92553152	-5.377978317
353	21.92019892	-2.090226581
355	-3.911351386	-13.06831939
358	7.581575493	-15.32876522
359	9.471509565	9.994496797
360	-11.77375758	1.361530587
361	3.385892131	12.57194191
362	-17.47993353	4.971942265
364	15.42706139	-4.431808485
366	7.377878691	-13.9486786
367	-21.77015084	-3.608748402
368	-11.85474877	2.628190814
369	12.9305948	13.7090997
370	11.04165053	-32.97248749
371	-51.04073316	29.70346423
372	16.63129988	5.811738654
373	10.19915329	29.02245443
374	-19.59818546	-69.75941798
375	31.71852225	53.05704859
376	-28.6234506	-18.76438395
377	26.02473916	32.54522825
378	-76.25023327	-9.951038337
379	82.72085035	-1.215502489
380	-27.6793309	-27.45437236
381	16.45357583	-56.31404022
382	-73.38593378	22.13464344
383	47.87429413	51.08213229
384	-33.11824837	69.68581863
385	-19.06177151	-76.90436565
386	-65.25709065	18.24155079
387	80.80682844	-33.32821776
388	31.60354669	55.33000984
389	2.570380619	-77.91847074
390	30.50949546	88.01278625
391	-59.91397362	19.10487638
392	53.26862987	-46.00701142
393	-62.00207767	12.50875927
394	-26.7188553	-2.580706392
395	47.51681175	44.24824367
396	-34.36070611	-13.14888057
397	5.342708028	-14.34054858
398	12.92452784	24.37919364
399	-17.99931334	-14.99608444
400	59.31034936	-19.9076845
401	-1.905387462	10.87782643
402	-34.6059731	1.808176066
403	-13.00081616	-2.585154642
405	-2.919010707	27.95969362
406	18.06229859	-13.22443504
407	-5.663636975	8.421782021
409	19.1522755	6.209456902
411	17.8649278	-9.844322406
413	-12.97772857	-11.04731847
415	1.883318845	22.28418384
416	5.363010124	-16.17432495
418	-10.35502535	17.3545202
420	18.46678173	-6.450904122
424	-13.65575419	6.911557469
427	-12.69049505	-14.29908884
428	41.36248874	19.42640779
429	-28.80669073	-12.87780099
430	19.7244092	-34.30197172
431	-0.7985499845	31.7020709
434	42.99184668	61.49551503
435	-41.24807502	-73.94581457
436	19.83733507	-34.27628203
437	-49.81697864	47.1266152
438	8.962636196	22.77764706
439	41.95327077	-4.720723187
440	-31.7971953	28.41746095
441	-23.68596652	-59.55970075
442	64.67699586	55.3937414
443	-49.78013291	-29.99908872
444	32.38546123	-46.38218423
445	-89.97949537	58.40981944
446	12.43303033	-55.14171233
447	0.7388229788	-39.04904983
449	45.94767105	47.84240745
450	43.31357853	6.968435943
451	-10.60849924	47.20924537
452	-15.53175361	-44.75006173
453	-63.73924887	59.47973327
454	-13.48516783	-50.32127756
455	36.55893871	-22.74344465
456	-23.38227946	63.50329274
457	21.94429387	-23.98063144
458	11.04440785	16.33060634
459	-24.74140104	-29.579588
460	-12.29061894	0.5915688445
461	-7.785975292	19.46232322
462	15.76762744	-19.05329744
463	16.75409384	-0.8481852574
464	-36.02175057	17.73937137
465	11.2760356	-20.55771108
466	-19.44144588	-2.805101924
467	2.399647549	28.98411713
468	-8.885510259	-12.37694403
469	4.016013952	21.52788526
471	19.5410381	9.905091157
472	7.581084761	-24.13477907
473	-1.356511553	15.10582161
474	-11.96486792	-15.67094099
475	-4.773307925	20.56451361
477	7.049650509	7.146218629
480	-2.045682209	14.60559036
481	1.801642738	10.55813511
482	14.96378884	-11.01829938
484	-4.120489871	-9.925388581
486	-17.91903919	-1.339082184
487	38.0180723	2.964194668
488	-23.51083596	-8.763953955
490	23.99192403	16.57816388
492	-2.966304755	-11.90071562
493	16.51173566	26.79986594
494	-4.549633995	13.82642764
496	25.86097394	-14.90960857
497	-18.55565884	-0.8411920645
498	-27.69229758	-18.36396505
499	10.94458425	12.96108113
500	-8.974404966	11.06270814
501	26.33116747	6.017376599
502	-24.62190674	-13.79546843
503	10.36381175	18.91728027
504	12.26244932	2.030284339
505	0.2106025715	-42.70569501
506	-16.409306	-3.286761567
508	7.801226759	-15.19549544
509	-20.84145819	-21.22559959
510	27.57215645	6.974197017
511	-20.78508936	64.80836236
512	56.28103801	24.81044257
513	-34.76221529	-34.77026438
514	-31.94166367	-3.140990269
515	26.52932352	36.00917023
516	-28.10107209	-78.89320978
517	18.06260938	31.94255108
519	7.656897204	29.92736285
520	-4.336157794	-16.14004058
522	-11.47985522	-13.5685866
523	-10.81476841	24.9009622
524	-6.23154673	-27.79800359
525	45.46965382	28.8010239
526	-30.50807463	-16.21172165
527	20.54539581	-19.33456501
528	-24.53891315	17.9235871
533	9.537800601	-3.150108701
535	17.39316655	9.046783029
536	-27.56279984	4.866408089
537	18.00111548	3.837455041
539	-0.8680166324	-10.99502848
540	-13.29654103	-10.91337243
541	-2.548348024	16.01784092
542	-6.689312069	11.29381956
544	18.27324182	-3.62218063
545	-11.34077579	-11.38173513
547	-9.280918529	8.489075666
548	7.408650928	-8.786819476
551	18.51014793	21.39354976
553	5.762364949	-20.52052328
554	-24.39145927	26.02500014
555	34.80225052	-1.350242037
556	-5.389577483	15.65768587
557	15.64601545	-4.497723285
558	-6.998824554	-9.234638883
559	-28.09777619	-16.31214234
560	-3.649411732	27.92617811
561	7.083407338	-15.52594306
562	6.549253224	22.51083897
563	-15.2697156	-26.76131853
564	13.58302466	22.24113622
565	-17.58878033	-16.50450753
566	47.03405915	10.49148211
567	-35.38448092	-2.683616112
568	39.733307	0.893293021
569	-4.94978729	30.62677851
570	-16.15223893	-32.96707104
571	19.69260359	-5.8717813
572	-39.97836781	21.00149202
573	53.56569952	11.1855118
574	-4.946425763	-28.22083597
575	-40.44781909	11.71342298
576	4.05099462	9.871257432
577	14.82810365	-8.822172135
578	1.903993426	-22.79833121
579	13.66323593	-14.90492578
580	28.00726649	35.32114683
581	-36.21609384	22.8692126
582	28.04774541	9.439907819
583	-16.83639472	3.050538532
584	-20.34042492	-27.7425295
585	22.33442045	10.09305808
586	-20.60944017	10.58430553
588	8.8238122	-35.90964853
589	-9.163568106	-6.995377358
590	-28.16609252	-11.75805573
591	33.04097701	4.733646187
592	-37.40528152	-9.102279839
593	29.90008622	14.81887356
596	9.189275221	-6.931840872
597	7.762228915	-11.24619046
598	-18.43770801	19.56057078
599	12.92482581	-0.2609330705
606	5.293523898	-10.56165015
611	-9.498237033	-5.786380936
613	7.45449915	16.89568813
614	7.345722509	-9.755357868
615	4.770494474	-11.30324749
616	-16.40193272	16.74863806
617	10.7185341	3.832062634
622	-12.3012349	7.491868444
623	12.96786343	-8.909934583
624	-6.272691358	17.21897424
625	-1.311721146	-14.72903307
627	-0.7131414505	-11.00911237
628	17.39848973	2.750280582
629	-18.99074481	27.37788349
630	12.50133964	13.92694825
631	13.13864164	-25.64508083
632	-9.506671359	25.39231926
633	-30.74570882	-25.07460964
634	54.54152371	32.25022276
635	-13.59065329	-44.91835792
636	13.61482999	8.478654885
637	-45.54429452	-51.50937202
638	12.56022327	19.45372685
639	34.67246857	33.07899326
640	22.2591165	0.06526338017
641	13.84754491	50.68178584
642	-36.98192733	-1.081840948
643	-13.3502725	36.93921074
644	-10.96086793	-25.81505298
645	-22.42262584	1.803269247
646	-9.521666889	-43.39087126
647	41.24787373	6.876293343
648	-28.03119073	-30.06963425
649	12.6773547	25.79229013
651	-4.725402754	-26.45251939
655	11.31986824	-2.308695936
656	7.547623246	9.390681632
657	10.35452752	-11.87982018
659	-11.4250392	-29.84097252
660	-21.09033475	30.93526972
661	13.06139102	16.76620936
663	10.8675117	-1.199236124
664	-17.03611487	9.352760486
665	18.00268346	-8.632229588
666	-6.304683801	17.97090736
667	-9.099851913	-21.91584803
668	12.26646142	-3.865243093
669	-11.27480567	-3.918802603
672	-9.770745423	-5.364202002
673	7.748392414	6.959960432
675	11.5384911	-7.75380019
676	-13.39129652	1.589530112
678	-12.43556292	1.24355791
681	-16.79465639	-4.411805635
682	-1.310922237	10.22078668
685	-9.319980444	7.027434274
686	-1.536110674	-15.04866083
687	-17.70523447	13.40058762
688	-11.88577913	-0.9749065443
689	13.7217101	2.221994209
693	-7.197353182	-28.23099501
694	-2.957560258	24.28991418
695	12.96847313	7.706215528
696	18.94986782	-19.4801671
698	-30.57154689	4.54522342
699	24.2695967	23.79768851
700	7.120028179	-28.70486666
702	-59.21029146	35.5365846
703	45.65182125	72.11406935
704	-29.21229496	-43.46934615
705	-39.00902155	20.88876672
706	1.722288164	-42.71501549
707	18.70246296	-8.792322888
708	34.16055914	-1.478586683
709	-4.256187234	-39.65549991
710	-16.02443455	56.50574381
711	-19.14799697	-28.19572985
712	29.38455645	27.79120741
713	-37.03061775	-30.52272847
714	34.7281539	15.09723082
715	-13.56557347	-1.860597512
716	9.541865035	10.11674266
718	16.70809441	20.99355618
720	36.99059696	-8.48517576
721	-15.28255435	2.917505295
722	-30.4007458	-19.43453946
723	9.177118885	23.0676833
724	-10.14390878	-0.2032509293
726	14.16292762	26.81032557
727	-9.973001427	-5.448363229
728	22.6221687	-13.88664858
729	-14.31814099	-5.614542039
730	-14.55466964	0.8698452278
731	6.342035236	-15.52716425
732	2.519846248	22.64734281
734	10.46256881	-8.666671029
739	12.08216307	2.46851081
741	12.23422724	-5.844782954
745	15.83405552	-9.116885248
746	-12.74885862	15.76736762
747	-2.292042646	-15.54972664
748	3.62226656	9.596687723
749	-19.06171455	-5.862888949
750	17.47739895	17.91833652
751	14.82669502	-8.378758246
752	-6.650849568	8.567710349
755	2.987152442	-12.84271497
758	-1.04598892	-13.36585142
759	18.02695199	29.31257773
760	-51.9619028	1.059015771
761	32.21914261	10.65138158
763	-28.16222711	-7.719505281
764	0.9958596146	16.30764913
765	-28.33240217	-29.59785232
766	-12.87181426	16.80471197
767	63.99442444	-17.62262771
768	-33.89055677	-10.09921598
769	13.77552236	-19.36929011
770	23.73308949	18.24253574
771	-35.05429024	6.963620037
772	15.1244853	10.62742793
774	-18.20576568	-27.70235741
776	25.83707094	11.63504797
777	-42.6662116	-21.58466852
778	34.83357046	17.33653192
780	-10.7677741	-23.09233405
781	14.51761304	23.24377214
782	-1.109079254	-17.05664894
783	-8.748691494	-16.06373365
784	-2.091351603	19.35975334
787	9.184610405	10.67037392
788	-5.211239585	10.38758438
789	22.23494983	-16.07577375
790	-11.56646366	-1.662731892
791	-12.08323758	-4.662679693
796	8.108903805	7.813366616
797	-14.8116495	-4.509507396
799	16.84456268	4.74185257
803	7.234581487	-9.508452502
804	6.028688961	11.60463494
805	-16.82919014	-3.19477133
808	-8.032757661	6.266168603
809	6.679595605	7.684432593
812	-8.18394651	21.42249915
813	14.86105644	0.5787858877
814	12.33938275	2.676783046
818	16.96365884	16.97590895
819	-40.86227445	-23.53803614
820	43.12426127	23.43609151
821	-14.9264904	3.87204834
822	4.144190654	-13.46482077
823	-8.191174523	33.83827191
824	-7.827730115	-16.62938267
825	31.45756462	-13.43623255
826	-17.1565372	12.53015204
827	-23.74924973	-46.48749411
828	4.123810037	12.14354917
829	6.858565225	23.98348257
830	29.38001857	-26.27958086
831	19.07790962	44.79498883
832	-36.23040491	-14.4672778
833	27.44241895	42.17787428
834	-24.4566372	0.1264960841
835	-0.895344124	-38.01775219
836	-17.94305927	-27.81407352
837	-10.29526357	9.620830117
838	25.07578899	-22.42558303
840	7.97072805	12.98873854
842	-5.768974564	10.7208316
843	29.61550015	3.192854921
846	11.58949512	-5.496597775
847	-10.26996494	5.372090265
848	-7.213426835	-16.64801229
849	-1.867846886	10.34732935
850	-0.3259118815	10.18025666
851	20.12826887	-27.42326094
852	-12.69217655	5.579678401
853	-23.99605997	-11.81785768
854	15.79711257	6.463334712
855	14.37742437	5.221027709
856	-22.26737247	5.040817376
857	10.45607854	-21.38831633
858	2.914378646	17.88440304
859	-10.16038447	-12.45374447
862	5.706489653	-14.63510848
863	-11.01761452	7.832271876
865	8.193968308	-8.094898655
868	-7.207760328	7.9180669
875	-16.00932788	6.024332351
876	24.63497042	-5.419995595
877	-17.42732958	10.43372913
879	9.942738295	5.72828489
880	-16.75594608	-26.62455547
882	-13.89184991	23.14013248
883	13.72237861	-16.19544924
884	-8.800217312	-5.251338134
885	5.930534766	19.52446606
887	13.66490276	-6.906590796
888	-14.01887685	-0.8223562021
889	-9.246885194	-8.408330915
890	-11.52738157	50.14064448
891	36.19118836	-20.04280497
892	1.544472962	-26.83283582
893	-20.98028869	30.2941203
894	-0.7260796091	27.83539598
895	-8.668952629	-25.25260755
896	-8.449248226	22.38886193
897	-2.929564419	-37.77075008
898	-8.03192629	-13.30202577
899	17.15661206	24.5212446
900	23.42953254	-10.22355864
901	1.344736545	25.81264933
902	-7.566697935	13.83029583
903	13.08411263	-1.176394888
904	-21.63708332	-2.789525671
905	19.61384766	-20.34352535
906	-12.59633634	12.7923765
907	-16.07036515	-7.806499723
910	16.09793611	12.15716509
911	-9.514344527	-12.20056081
912	14.02258084	-4.264221881
913	10.99485588	0.1465318304
914	-19.30033318	-20.3015086
915	-14.52881168	-16.21560592
916	8.626050669	27.6849068
918	8.430896682	9.553453416
919	-1.90377592	9.949391887
920	11.94712594	-13.5568529
922	-1.378052554	-10.6648675
928	-13.90015368	-9.526401532
932	-1.561315868	-11.11361379
933	-4.646037697	8.9418206
934	-2.530278572	11.99288185
939	-16.30130085	-9.18840123
940	9.460297981	9.495528552
942	-4.246125994	-11.09059482
943	-34.60252497	14.80521148
944	24.1918199	15.41087664
945	-14.55955724	19.26526303
946	-0.8553554781	-15.3628353
947	16.38878171	-10.12651418
949	-26.32060974	-7.748126157
950	-12.76505934	9.262031558
951	29.88744744	1.813976067
952	-10.33074374	14.09400254
953	7.94148305	-22.50537648
954	-39.14365567	19.41612397
955	28.62319102	14.51286346
956	10.01342948	-8.569597914
957	-31.62715209	-35.16861048
958	-15.63277762	20.23140511
959	30.16087062	0.1242405555
960	20.35457924	11.21944128
961	-18.86667275	-4.18581431
963	-3.491073772	27.80719858
964	25.8098784	-4.300633475
965	-18.93543508	-10.20547052
966	-9.872982909	5.155141591
967	21.55928838	9.051578042
968	14.09884706	-17.86587846
969	-16.48459717	5.687179681
970	-23.75533157	-20.096152
971	34.73851819	38.55110393
972	-14.29156415	-14.07671346
973	19.24155996	-7.85915446
974	-17.52920915	10.89741167
975	23.62104461	-14.17120357
976	-12.81240027	14.98536287
977	10.15605063	-2.421437161
978	11.36384483	-14.90562224
979	-23.28828332	13.60733702
981	2.327913825	18.49921054
982	7.222881201	-17.85659759
983	4.30955805	10.41644636
985	-2.570720349	-22.25149553
986	11.86707869	7.556402388
987	-19.1922143	-1.751787802
988	10.84225411	-7.354323909
993	-5.505255973	-9.54708045
1000	6.778506884	-11.54998828
1001	-7.068888204	12.53269546
1002	7.76716176	-17.56268879
1005	-9.991462822	13.57780016
1006	16.46720048	-6.968483829
1007	5.177082147	19.74102434
1008	-14.10315494	-14.5388179
1009	9.501924381	4.69396148
1010	-21.61350801	-10.72983645
1011	17.16155392	-6.545146131
1012	-23.70404787	38.2717726
1013	-5.835705112	-24.72694107
1014	27.90873785	7.875965428
1015	-15.32458392	5.739854275
1016	-7.7693859	13.1929998
1017	9.033709341	-7.081652105
1018	22.48974088	-26.27561739
1019	-18.01561344	-11.52148737
1020	-3.935996174	31.29212609
1021	-29.16277497	-10.49282461
1022	40.53747069	27.03120267
1023	-11.93174636	12.96212365
1024	-25.234375	-8.96875
1026	8.721615698	-14.49136621
1027	-14.33498719	-2.723546778
1029	7.899402138	-6.881831032
1031	25.89758963	-16.86715847
1032	-26.88080895	20.65343441
1033	3.544602373	16.50890214
1034	16.46090591	-8.383704328
1037	-27.53150256	-3.68820575
1038	21.79937521	18.88607029
1041	-5.779731474	-8.186420675
1044	-11.11144658	-20.54517499
1045	-1.441312574	10.52457605
1046	-1.099246767	10.35866192
1048	12.32938601	-9.573829396
1051	0.019727134	-18.39690986
1057	9.934883409	2.11268145
1059	7.490828585	-9.766705006
1069	7.858459954	7.777537579
1072	-8.628639349	-16.142784
1074	11.16272978	-3.948492774
1076	-22.21907968	-12.26627119
1077	35.73482324	1.145738216
1079	-14.89546465	-3.349703197
1080	-21.27170392	-6.404830885
1081	21.13060112	24.3052572
1082	14.69969442	6.498406911
1083	-23.11655638	-6.243256458
1085	-4.703267658	-12.28645595
1086	-15.39941653	39.7502127
1087	15.2421597	-17.49810468
1088	-21.06531842	-16.38500911
1089	-5.431973303	-14.04194656
1090	-3.418109167	-14.85592824
1091	11.94048532	-1.67265644
1092	13.76625509	3.582008084
1094	16.35401622	20.27033078
1095	-32.23722699	21.90890258
1096	12.5578199	-0.3347615907
1097	-4.971825079	-25.79433682
1098	5.69703226	13.65485192
1099	-33.76609984	12.74831714
1100	18.87799426	-18.88300458
1102	-10.68519158	-12.53601743
1103	7.57973865	16.34797613
1105	9.428768249	-5.173809298
1112	-6.706407348	19.44863551
1113	8.415079291	-17.21896728
1114	1.863532202	14.35159964
1115	0.1960261033	-12.06586294
1130	-12.20700939	-14.49084438
1132	-6.294888008	15.47776731
1133	14.06074589	-9.935981417
1134	3.070285058	10.50256257
1138	5.172363745	10.26980678
1139	19.18792615	1.934590542
1140	-12.86381865	-13.94199142
1141	2.159957918	-12.45006771
1142	-22.05521626	26.15239356
1143	19.65410585	1.761896143
1144	0.4302361174	-16.82541751
1146	-8.878576759	15.19699623
1149	-40.58314074	-10.61565102
1150	14.34116934	29.0151491
1151	32.80952605	-15.31883168
1152	0.4719833354	-35.3791756
1153	9.216268562	17.6792642
1154	11.8387741	18.77267632
1156	5.232110912	10.53160994
1157	-11.43666751	14.7383031
1161	-10.02373944	8.571730783
1163	-1.96501009	-18.85157311
1164	-8.869003058	12.39814668
1165	8.869764255	-6.958290091
1169	23.38272647	11.65449957
1170	-13.75604047	-6.452974944
1171	12.48217725	-14.65289989
1173	-12.90912149	-8.113050139
1174	-10.0510748	5.109115053
1185	-4.628570726	10.45102373
1187	4.799116768	-15.37793991
1192	11.51623854	-4.935012525
1193	-13.01042891	-1.831013544
1194	-1.383213964	10.12341318
1196	13.71852821	-9.061047584
1197	-0.4894505214	17.5247783
1198	-4.695827753	-15.82461385
1199	-4.538856976	15.40850527
1203	-16.55960931	0.8226569827
1204	18.07961713	-8.946417154
1205	-1.33190841	21.40058998
1206	-5.692304649	-12.79806277
1207	-16.42742617	8.24287316
1208	24.41436044	-15.4917162
1210	-3.796227364	-9.675318679
1211	-11.40689608	1.999033113
1212	16.58134994	19.19634554
1213	-18.05154848	10.33777858
1214	3.600996139	19.11139155
1215	28.97274076	-35.33055686
1216	-23.87587342	13.36324208
1218	-44.70459231	-26.70118244
1219	20.39725677	25.27037711
1220	-11.42084725	17.00555174
1221	15.8545373	-21.34917999
1222	-18.60218559	6.981180709
1223	22.54835546	26.01615955
1224	10.09406589	-18.55261611
1225	-24.66100815	-3.164728208
1226	-19.77200888	1.388569871
1227	29.05693124	3.812337551
1228	-17.06941671	5.23853068
1229	-0.3918815283	-17.08306226
1230	18.90986926	9.390035875
1232	-3.096741687	-13.87632243
1233	-30.85836663	12.33659672
1234	30.65134048	13.95003893
1235	-15.26058854	-7.754287799
1237	9.571348984	-7.561059323
1239	-0.4983720304	-12.21798315
1241	-14.29073849	-1.849648417
1242	4.509968572	10.13180324
1253	-5.034735661	12.55597172
1254	16.72450466	-12.63924392
1255	-2.549882626	11.42737694
1257	2.478818271	-11.94415436
1258	-10.6810494	-0.5366170485
1262	16.15040402	4.927211251
1263	-10.57295165	-10.48151634
1264	-14.55618583	1.119828645
1265	26.77478543	-8.14569326
1266	-13.50275562	15.79785511
1267	5.107105899	-17.08112812
1269	1.457862217	10.6994528
1270	-21.9917216	-15.96466252
1271	22.4591648	-4.576930705
1272	-20.46018101	17.58104043
1276	-14.6554655	3.336080524
1277	-6.026326367	-12.29454231
1278	30.75855453	-7.877104827
1279	-14.1658656	-14.57592572
1280	-50.1667427	-4.738045053
1281	27.16637109	-13.14799119
1282	14.29096816	14.38830789
1283	20.25505829	0.9658379131
1284	5.112448948	9.194524726
1285	26.1440666	25.49292885
1286	-23.07044888	-0.7821136963
1287	-37.4115338	21.5023579
1289	12.97366043	2.167270272
1292	11.54140427	-5.803037609
1293	5.553204958	-28.76185931
1294	-19.81099496	11.91432293
1295	11.83259274	-9.138023959
1297	-4.465031463	16.75866031
1298	-10.48045073	-1.00342772
1299	11.9517648	13.42619331
1301	19.92364456	13.07155038
1303	18.98992488	-1.611627127
1306	10.52093491	-0.05833471498
1307	-15.32800078	6.262785193
1309	6.709737033	13.16227012
1319	10.19043636	8.247456077
1322	-10.24683206	2.437328716
1323	9.87208906	-3.235688576
1327	10.57975263	-7.434001216
1329	-8.371596417	8.977145244
1330	-9.35003814	-7.682513797
1331	14.69358581	11.7109292
1332	-0.3765193135	-12.62006661
1333	-8.920216113	9.766480377
1335	9.533170665	-7.885895063
1336	-2.474484127	-19.31012564
1339	5.329262953	-13.86009131
1340	-42.7977241	7.552781053
1341	21.00670678	-6.027874678
1342	-2.048161672	13.31433242
1343	20.57985265	-29.81271885
1344	22.250853	18.7129497
1345	20.34259446	32.52967682
1346	-18.63454617	8.683727515
1347	0.7736743515	33.25090368
1348	-37.28375042	-29.86568688
1349	-22.62439688	10.32441963
1350	-25.86057649	-6.518961216
1351	20.46413186	-13.91083684
1352	-14.38365075	-3.356065851
1353	8.298618109	-7.007834976
1355	11.23424855	8.824967329
1356	4.535922555	-18.13056851
1358	-2.608719784	-11.2951859
1359	2.629928085	16.17288513
1360	-12.49233487	4.263356084
1361	26.22082737	-16.78193221
1362	0.3699716178	15.35920939
1363	-18.27952375	-10.85291424
1364	12.22687927	8.294652158
1365	-11.76734813	17.4559421
1366	9.666677063	-16.64732124
1373	-14.65052195	0.1741561064
1374	6.125401568	10.55721687
1381	14.50883141	7.876694599
1384	5.788465889	-8.874750474
1385	-8.92597375	6.736103827
1386	-1.125242185	-10.39746664
1389	-3.051668252	-14.67633677
1390	9.591455069	4.641603999
1391	-16.97702405	-5.144998082
1394	-1.063136655	-14.47945599
1395	4.409525396	9.806700479
1398	-13.90371466	-4.020224279
1400	14.91857042	4.370744353
1401	-6.844036149	-12.82524393
1402	-5.810190717	-11.87434087
1403	5.396667241	25.71660645
1405	10.28375192	9.955588562
1406	-10.10914877	-8.747398604
1408	13.2241494	4.896205291
1409	-37.68988486	-1.988764008
1410	-18.86264548	-28.28656596
1411	-1.72200534	15.39624505
1412	23.02789117	-8.059114068
1413	-12.22018479	1.319561239
1416	19.1097759	-6.002654945
1417	-10.72022776	-19.45161414
1418	-12.72218965	-1.315734069
1419	13.98506241	-3.947812379
1421	13.60864427	8.246735203
1422	-13.16191298	2.480210252
1423	11.39883239	-3.472686918
1427	6.945991148	-16.52230842
1428	-16.32244799	-11.30523771
1429	-5.319694879	8.975536646
1433	7.921251595	-8.567798836
1434	-10.95541492	3.510038296
1444	-4.173472684	-9.711259877
1450	12.85377343	4.377929126
1452	13.6422626	-5.073927807
1453	0.4392058284	-12.7452439
1454	-12.80011977	9.969338146
1457	0.02101493893	13.11301756
1459	14.91405156	3.060852029
1463	16.50317463	3.99168784
1464	-11.30208966	-0.9842038968
1465	-5.172668587	-15.25735384
1466	12.26392865	14.75922876
1467	-10.75649918	-0.8053582967
1470	-8.716764645	-5.606440859
1473	9.95236078	-24.95751778
1474	23.1010622	14.59318206
1475	-19.53914895	20.75482944
1476	-10.10068849	23.36875341
1477	-10.11734181	16.71847618
1478	-6.499410781	-23.34660288
1479	-14.42943201	-11.96319092
1480	-14.1195862	6.297883838
1481	35.29811383	-3.254088724
1482	-8.776235806	-12.68524063
1483	8.363209031	6.227052871
1484	-8.560326586	-14.84979029
1485	-3.413003912	21.29132101
1486	18.71540167	-6.515953681
1492	4.308241579	10.69443204
1498	9.609845593	-8.037841377
1508	6.661319229	-11.90815983
1514	10.24844228	7.89816755
1515	-11.79620027	-12.18605374
1517	1.077413171	12.72700142
1523	9.419520044	-3.784423667
1524	2.989714235	13.69658551
1525	-11.00905566	-9.626161085
1526	15.6976229	-7.492856114
1528	-10.76551594	0.4645870501
1530	-1.542179429	28.48279349
1534	21.11649805	-17.23249083
1535	10.89494757	1.177441355
1536	-22.03103801	12.09169257
1537	-8.355152137	36.85529687
1538	-17.82745254	-0.2596669992
1539	-22.5687734	11.38606041
1540	0.6178308807	-36.53734228
1541	-6.190103041	-31.8593404
1543	9.363113379	-8.816844161
1544	29.52232723	20.73135436
1545	-12.68546952	-20.00063699
1546	4.248280216	17.57719677
1547	23.46423702	4.121846709
1549	-10.1254049	-14.43092859
1550	-13.14802585	12.82378145
1551	-7.567258161	22.91097464
1552	10.99964751	-2.651886747
1553	17.58928499	-4.602749821
1567	-7.409877134	-10.85485484
1568	4.474676952	9.558496666
1572	13.12237815	5.043169861
1573	-10.54319971	-8.339201822
1579	14.11850651	-12.49091355
1580	-10.83466841	2.258993764
1584	-4.254713301	-15.38056096
1585	12.57151519	2.369881614
1586	-5.726953634	15.63552015
1587	8.920204162	-14.11982188
1589	-11.22648149	3.715933912
1590	9.860689961	-8.510083413
1591	-11.7355934	8.398699341
1592	-9.8094554	-21.78598257
1593	13.15029529	25.74514972
1595	-5.075610899	-10.06551581
1597	-10.08312992	27.12742068
1599	-3.73327929	-9.297689985
1600	-15.58777803	-14.59172848
1601	2.52302235	-14.62167965
1602	15.20668299	-5.521753698
1604	21.0473089	6.467904451
1605	-22.98591565	10.89263151
1606	5.016775301	21.07039442
1607	-3.075607375	-25.41901892
1608	4.547593793	9.848933191
1610	22.3922236	-9.355300789
1611	-24.99300996	11.64191912
1612	11.60087736	10.1139749
1616	-0.1492182838	13.86070684
1618	15.91755282	-5.865912023
1619	-17.04492459	9.257054552
1621	9.647564039	-7.39672801
1623	-6.614421269	7.600066433
1626	1.475163024	18.63022705
1630	-4.342220722	10.24054843
1644	-4.052359105	9.19206756
1646	-10.50586679	-0.9458237822
1648	4.466163994	14.55802468
1651	5.66236776	-10.27068054
1652	-3.178441407	16.88244299
1654	-8.334168537	-11.67435366
1655	-6.865917205	22.39845113
1658	-14.95215906	-12.38339812
1659	-8.758634167	10.88493176
1661	-11.45075085	-7.991717636
1664	7.851364983	19.65203743
1665	6.965092779	-7.820807018
1666	-11.51129275	-0.7397992266
1667	-33.99715879	24.75384314
1669	-11.85059046	-23.19743778
1671	5.886555673	-11.33095613
1672	7.291331989	7.405554696
1673	11.54914226	-18.52713362
1674	-10.62371163	7.826422284
1678	-5.735561715	14.17680464
1679	-1.515818271	-18.22300695
1680	-8.869869459	-4.842328543
1681	8.015744012	9.300324034
1682	-17.10476143	21.93978028
1683	11.67417181	-23.40009121
1684	10.18825989	1.030318606
1686	-8.016233582	-9.585517827
1694	-4.595165232	-10.90719961
1705	8.450775497	5.503596254
1714	9.622840653	-8.711614536
1716	-14.33352224	-11.01456679
1717	-8.141518854	9.582206975
1723	-12.88512973	0.8248884193
1725	2.711975983	-11.2810885
1726	11.2703742	14.32539906
1728	-8.508490964	13.82280623
1729	-0.4008678691	-11.42376734
1730	-13.00771288	-10.25723432
1731	-8.859296391	-4.997282775
1732	18.73327061	-1.500448519
1735	17.92676066	12.4167605
1737	8.79175635	6.632245401
1738	-7.807739176	-12.53068393
1739	14.77524609	13.13811392
1740	-13.36946624	13.58891826
1742	-7.958696918	-7.153924188
1743	9.271562142	16.2076279
1750	13.88613819	-0.9480521516
1760	3.195236039	-11.69837565
1768	9.037127287	8.455570844
1769	-10.11451462	-7.44899616
1770	11.48730552	-3.147577032
1774	-9.231094699	6.3947158
1777	-11.58611578	-8.186869748
1778	7.449262456	9.589848455
1782	0.008580250396	12.54314964
1785	-5.893033447	8.471089491
1789	-14.24313106	1.582041652
1791	0.3498478879	-18.73185201
1792	1.057235865	-13.25333111
1793	-10.51496197	17.13531004
1794	10.94794227	10.53646468
1796	-11.84940023	16.64327575
1797	-5.809384704	-8.158560059
1798	-19.89779192	-4.991709321
1799	11.9297031	-5.758044801
1800	-7.966151368	12.73718277
1801	8.828437766	-7.573910666
1802	-8.990150685	5.223188758
1803	-4.407115711	11.69596425
1817	-0.3632586605	-11.16815912
1830	-6.508133929	-11.0107169
1833	10.84597518	-4.229994274
1835	-7.782898986	-9.584795324
1843	-10.84326914	-3.932676558
1846	-5.796304689	10.84316493
1848	9.896401097	4.899483033
1849	-15.23349007	-15.33086589
1852	-15.40713442	1.88527094
1853	-0.02284739709	-17.69935081
1855	6.699632563	9.289257537
1856	-13.1690225	-5.13853527
1859	-8.222210402	-8.076493235
1860	-11.11325619	-7.772097759
1861	20.37382719	-12.23117472
1863	8.003893553	14.57792523
1869	10.69187976	-0.9102770961
1872	14.22269578	-7.360156938
1874	0.7899675901	10.06482622
1898	-12.17208741	4.298563539
1901	-3.191332443	10.98403363
1902	4.635746329	-9.615508043
1907	8.952863771	-5.119331888
1911	-4.7341315	-9.846800891
1916	5.067702228	11.04346724
1917	17.01236891	11.09464753
1919	-0.617735651	-15.3958722
1920	-16.58304046	8.956893024
1921	20.78135361	3.106043566
1922	-12.48166959	-7.094670139
1924	10.45696239	15.79552347
1925	0.2566057865	11.20693609
1926	-11.28348092	1.65175842
1929	-11.10164932	7.648091764
1930	11.55074921	-11.82404074
1931	-21.2861503	10.59611539
1934	-18.54245203	0.6808815501
1935	12.03999341	1.572231511
1939	9.831864033	9.221777947
1945	11.8415932	4.692998853
1963	-7.335017874	8.945718994
1971	3.327575049	13.10617296
1973	0.2307685652	-10.55733479
1979	-7.633758399	-12.84445637
1980	-12.54057116	19.70739737
1981	-3.370592683	-11.97489347
1987	-10.77871277	18.04100102
1988	8.181249579	-10.43499486
1989	-3.780267761	-10.65636459
1990	-9.590850052	-17.34234102
1991	5.883815014	16.2528219
1993	-8.705723016	5.641073579
1996	9.5932973	-6.542177619
1998	-4.865587385	-8.861507496
2003	13.5532564	-1.550168514
2009	-1.707749759	-10.50918202
2031	3.695956544	-14.23466765
2035	12.15922694	-1.443527046
2036	-10.09522457	-1.144718641
2037	-10.4852187	0.2248918715
2038	8.235767582	9.630988539
2040	-5.392945033	-9.152614139
2041	-8.177003308	-20.94489858
2043	5.273965579	-8.810004297
2044	13.65469596	-2.303639433
2045	6.574930752	-11.31949553
2046	-2.862261665	9.887772426
2048	-18.453125	1.417654912e-12
2050	-2.862261664	-9.887772426
2051	6.574930752	11.31949552
2052	13.65469596	2.303639433
2053	5.273965579	8.810004297
2055	-8.177003308	20.94489858
2056	-5.392945033	9.152614139
2058	8.235767582	-9.630988539
2059	-10.4852187	-0.2248918715
2060	-10.09522457	1.144718641
2061	12.15922694	1.443527046
2065	3.695956544	14.23466765
2087	-1.707749759	10.50918202
2093	13.5532564	1.550168514
2098	-4.865587385	8.861507496
2100	9.5932973	6.542177619
2103	-8.705723016	-5.641073579
2105	5.883815014	-16.2528219
2106	-9.590850052	17.34234102
2107	-3.780267761	10.65636459
2108	8.181249579	10.43499486
2109	-10.77871277	-18.04100102
2115	-3.370592683	11.97489347
2116	-12.54057116	-19.70739737
2117	-7.633758399	12.84445637
2123	0.2307685653	10.55733479
2125	3.327575049	-13.10617296
2133	-7.335017874	-8.945718994
2151	11.8415932	-4.692998853
2157	9.831864033	-9.221777947
2161	12.03999341	-1.572231511
2162	-18.54245203	-0.6808815501
2165	-21.2861503	-10.59611539
2166	11.55074921	11.82404074
2167	-11.10164932	-7.648091764
2170	-11.28348092	-1.65175842
2171	0.2566057865	-11.20693609
2172	10.45696239	-15.79552347
2174	-12.48166959	7.094670139
2175	20.78135361	-3.106043566
2176	-16.58304046	-8.956893024
2177	-0.6177356509	15.3958722
2179	17.01236891	-11.09464753
2180	5.067702228	-11.04346724
2185	-4.7341315	9.846800891
2189	8.952863771	5.119331888
2194	4.635746329	9.615508043
2195	-3.191332444	-10.98403363
2198	-12.17208741	-4.298563539
2222	0.7899675901	-10.06482622
2224	14.22269578	7.360156938
2227	10.69187976	0.9102770961
2233	8.003893553	-14.57792523
2235	20.37382719	12.23117472
2236	-11.11325619	7.772097759
2237	-8.222210402	8.076493235
2240	-13.1690225	5.13853527
2241	6.699632563	-9.289257537
2243	-0.02284739708	17.69935081
2244	-15.40713442	-1.88527094
2247	-15.23349007	15.33086589
2248	9.896401097	-4.899483033
2250	-5.796304689	-10.84316493
2253	-10.84326914	3.932676558
2261	-7.782898986	9.584795324
2263	10.84597518	4.229994274
2266	-6.508133929	11.0107169
2279	-0.3632586605	11.16815912
2293	-4.407115711	-11.69596425
2294	-8.990150685	-5.223188758
2295	8.828437766	7.573910666
2296	-7.966151368	-12.73718277
2297	11.9297031	5.758044801
2298	-19.89779192	4.991709321
2299	-5.809384704	8.158560059
2300	-11.84940023	-16.64327575
2302	10.94794227	-10.53646468
2303	-10.51496197	-17.13531004
2304	1.057235865	13.25333111
2305	0.3498478879	18.73185201
2307	-14.24313106	-1.582041652
2311	-5.893033447	-8.471089491
2314	0.008580250402	-12.54314964
2318	7.449262456	-9.589848455
2319	-11.58611578	8.186869748
2322	-9.231094699	-6.3947158
2326	11.48730552	3.147577032
2327	-10.11451462	7.44899616
2328	9.037127287	-8.455570844
2336	3.195236039	11.69837565
2346	13.88613819	0.9480521516
2353	9.271562142	-16.2076279
2354	-7.958696918	7.153924188
2356	-13.36946624	-13.58891826
2357	14.77524609	-13.13811392
2358	-7.807739176	12.53068393
2359	8.79175635	-6.632245401
2361	17.92676066	-12.4167605
2364	18.73327061	1.500448519
2365	-8.859296391	4.997282775
2366	-13.00771288	10.25723432
2367	-0.4008678691	11.42376734
2368	-8.508490964	-13.82280623
2370	11.2703742	-14.32539906
2371	2.711975983	11.2810885
2373	-12.88512973	-0.8248884193
2379	-8.141518854	-9.582206975
2380	-14.33352224	11.01456679
2382	9.622840653	8.711614536
2391	8.450775497	-5.503596254
2402	-4.595165232	10.90719961
2410	-8.016233582	9.585517827
2412	10.18825989	-1.030318606
2413	11.67417181	23.40009121
2414	-17.10476143	-21.93978028
2415	8.015744012	-9.300324034
2416	-8.869869459	4.842328543
2417	-1.515818271	18.22300695
2418	-5.735561715	-14.17680464
2422	-10.62371163	-7.826422284
2423	11.54914226	18.52713362
2424	7.29133199	-7.405554696
2425	5.886555673	11.33095613
2427	-11.85059046	23.19743778
2429	-33.99715879	-24.75384314
2430	-11.51129275	0.7397992266
2431	6.965092779	7.820807018
2432	7.851364983	-19.65203743
2435	-11.45075085	7.991717636
2437	-8.758634167	-10.88493176
2438	-14.95215906	12.38339812
2441	-6.865917205	-22.39845113
2442	-8.334168537	11.67435366
2444	-3.178441407	-16.88244299
2445	5.66236776	10.27068054
2448	4.466163994	-14.55802468
2450	-10.50586679	0.9458237821
2452	-4.052359105	-9.19206756
2466	-4.342220722	-10.24054843
2470	1.475163024	-18.63022705
2473	-6.614421269	-7.600066433
2475	9.647564039	7.39672801
2477	-17.04492459	-9.257054552
2478	15.91755282	5.865912023
2480	-0.1492182839	-13.86070684
2484	11.60087736	-10.1139749
2485	-24.99300996	-11.64191912
2486	22.3922236	9.355300789
2488	4.547593793	-9.848933191
2489	-3.075607375	25.41901892
2490	5.016775301	-21.07039442
2491	-22.98591565	-10.89263151
2492	21.0473089	-6.467904451
2494	15.20668299	5.521753698
2495	2.52302235	14.62167965
2496	-15.58777803	14.59172848
2497	-3.73327929	9.297689985
2499	-10.08312992	-27.12742068
2501	-5.075610899	10.06551581
2503	13.15029529	-25.74514972
2504	-9.8094554	21.78598257
2505	-11.7355934	-8.398699341
2506	9.860689961	8.510083413
2507	-11.22648149	-3.715933912
2509	8.920204162	14.11982188
2510	-5.726953634	-15.63552015
2511	12.57151519	-2.369881614
2512	-4.254713301	15.38056096
2516	-10.83466841	-2.258993764
2517	14.11850651	12.49091355
2523	-10.54319971	8.339201822
2524	13.12237815	-5.043169861
2528	4.474676952	-9.558496666
2529	-7.409877134	10.85485484
2543	17.58928499	4.602749821
2544	10.99964751	2.651886747
2545	-7.567258161	-22.91097464
2546	-13.14802585	-12.82378145
2547	-10.1254049	14.43092859
2549	23.46423702	-4.121846709
2550	4.248280216	-17.57719677
2551	-12.68546952	20.00063699
2552	29.52232723	-20.73135436
2553	9.363113379	8.816844161
2555	-6.190103041	31.8593404
2556	0.6178308807	36.53734228
2557	-22.5687734	-11.38606041
2558	-17.82745254	0.2596669992
2559	-8.355152137	-36.85529687
2560	-22.03103801	-12.09169257
2561	10.89494757	-1.177441355
2562	21.11649805	17.23249083
2566	-1.542179429	-28.48279349
2568	-10.76551594	-0.4645870501
2570	15.6976229	7.492856114
2571	-11.00905566	9.626161085
2572	2.989714235	-13.69658551
2573	9.419520044	3.784423667
2579	1.077413171	-12.72700142
2581	-11.79620027	12.18605374
2582	10.24844228	-7.89816755
2588	6.661319229	11.90815983
2598	9.609845593	8.037841377
2604	4.308241579	-10.69443204
2610	18.71540167	6.515953681
2611	-3.413003912	-21.29132101
2612	-8.560326586	14.84979029
2613	8.363209031	-6.227052871
2614	-8.776235806	12.68524063
2615	35.29811383	3.254088724
2616	-14.1195862	-6.297883838
2617	-14.42943201	11.96319092
2618	-6.499410781	23.34660288
2619	-10.11734181	-16.71847618
2620	-10.10068849	-23.36875341
2621	-19.53914895	-20.75482944
2622	23.1010622	-14.59318206
2623	9.95236078	24.95751778
2626	-8.716764645	5.606440859
2629	-10.75649918	0.8053582967
2630	12.26392865	-14.75922876
2631	-5.172668587	15.25735384
2632	-11.30208966	0.9842038968
2633	16.50317463	-3.99168784
2637	14.91405156	-3.060852029
2639	0.02101493892	-13.11301756
2642	-12.80011977	-9.969338146
2643	0.4392058284	12.7452439
2644	13.6422626	5.073927807
2646	12.85377343	-4.377929126
2652	-4.173472684	9.711259877
2662	-10.95541492	-3.510038296
2663	7.921251595	8.567798836
2667	-5.319694879	-8.975536646
2668	-16.32244799	11.30523771
2669	6.945991148	16.52230842
2673	11.39883239	3.472686918
2674	-13.16191298	-2.480210252
2675	13.60864427	-8.246735203
2677	13.98506241	3.947812379
2678	-12.72218965	1.315734069
2679	-10.72022776	19.45161414
2680	19.1097759	6.002654945
2683	-12.22018479	-1.319561239
2684	23.02789117	8.059114068
2685	-1.72200534	-15.39624505
2686	-18.86264548	28.28656596
2687	-37.68988486	1.988764008
2688	13.2241494	-4.896205291
2690	-10.10914877	8.747398604
2691	10.28375192	-9.955588562
2693	5.396667241	-25.71660645
2694	-5.810190717	11.87434087
2695	-6.844036149	12.82524393
2696	14.91857042	-4.370744353
2698	-13.90371466	4.020224279
2701	4.409525396	-9.806700479
2702	-1.063136655	14.47945599
2705	-16.97702405	5.144998082
2706	9.591455069	-4.641603999
2707	-3.051668252	14.67633677
2710	-1.125242185	10.39746664
2711	-8.92597375	-6.736103827
2712	5.788465889	8.874750474
2715	14.50883141	-7.876694599
2722	6.125401568	-10.55721687
2723	-14.65052195	-0.1741561064
2730	9.666677063	16.64732124
2731	-11.76734813	-17.4559421
2732	12.22687927	-8.294652158
2733	-18.27952375	10.85291424
2734	0.3699716178	-15.35920939
2735	26.22082737	16.78193221
2736	-12.49233487	-4.263356084
2737	2.629928085	-16.17288513
2738	-2.608719784	11.2951859
2740	4.535922555	18.13056851
2741	11.23424855	-8.824967329
2743	8.298618109	7.007834976
2744	-14.38365075	3.356065851
2745	20.46413186	13.91083684
2746	-25.86057649	6.518961216
2747	-22.62439688	-10.32441963
2748	-37.28375042	29.86568688
2749	0.7736743515	-33.25090368
2750	-18.63454617	-8.683727515
2751	20.34259446	-32.52967682
2752	22.250853	-18.7129497
2753	20.57985265	29.81271885
2754	-2.048161672	-13.31433242
2755	21.00670678	6.027874678
2756	-42.7977241	-7.552781053
2757	5.329262953	13.86009131
2760	-2.474484127	19.31012564
2761	9.533170665	7.885895063
2763	-8.920216113	-9.766480377
2764	-0.3765193135	12.62006661
2765	14.69358581	-11.7109292
2766	-9.35003814	7.682513797
2767	-8.371596417	-8.977145244
2769	10.57975263	7.434001216
2773	9.87208906	3.235688576
2774	-10.24683206	-2.437328716
2777	10.19043636	-8.247456077
2787	6.709737033	-13.16227012
2789	-15.32800078	-6.262785193
2790	10.52093491	0.05833471502
2793	18.98992488	1.611627127
2795	19.92364456	-13.07155038
2797	11.9517648	-13.42619331
2798	-10.48045073	1.00342772
2799	-4.465031463	-16.75866031
2801	11.83259274	9.138023959
2802	-19.81099496	-11.91432293
2803	5.553204958	28.76185931
2804	11.54140427	5.803037609
2807	12.97366043	-2.167270272
2809	-37.4115338	-21.5023579
2810	-23.07044888	0.7821136963
2811	26.1440666	-25.49292885
2812	5.112448948	-9.194524726
2813	20.25505829	-0.9658379131
2814	14.29096816	-14.38830789
2815	27.16637109	13.14799119
2816	-50.1667427	4.738045053
2817	-14.1658656	14.57592572
2818	30.75855453	7.877104827
2819	-6.026326367	12.29454231
2820	-14.6554655	-3.336080524
2824	-20.46018101	-17.58104043
2825	22.4591648	4.576930705
2826	-21.9917216	15.96466252
2827	1.457862217	-10.6994528
2829	5.107105899	17.08112812
2830	-13.50275562	-15.79785511
2831	26.77478543	8.14569326
2832	-14.55618583	-1.119828645
2833	-10.57295165	10.48151634
2834	16.15040402	-4.927211251
2838	-10.6810494	0.5366170485
2839	2.478818271	11.94415436
2841	-2.549882626	-11.42737694
2842	16.72450466	12.63924392
2843	-5.034735661	-12.55597172
2854	4.509968572	-10.13180324
2855	-14.29073849	1.849648417
2857	-0.4983720304	12.21798315
2859	9.571348984	7.561059323
2861	-15.26058854	7.754287799
2862	30.65134048	-13.95003893
2863	-30.85836663	-12.33659672
2864	-3.096741687	13.87632243
2866	18.90986926	-9.390035875
2867	-0.3918815284	17.08306226
2868	-17.06941671	-5.23853068
2869	29.05693124	-3.812337551
2870	-19.77200888	-1.388569871
2871	-24.66100815	3.164728208
2872	10.09406589	18.55261611
2873	22.54835546	-26.01615955
2874	-18.60218559	-6.981180709
2875	15.8545373	21.34917999
2876	-11.42084725	-17.00555174
2877	20.39725677	-25.27037711
2878	-44.70459231	26.70118244
2880	-23.87587342	-13.36324208
2881	28.97274076	35.33055686
2882	3.600996139	-19.11139155
2883	-18.05154848	-10.33777858
2884	16.58134994	-19.19634554
2885	-11.40689608	-1.999033113
2886	-3.796227364	9.675318679
2888	24.41436044	15.4917162
2889	-16.42742617	-8.24287316
2890	-5.692304649	12.79806277
2891	-1.33190841	-21.40058998
2892	18.07961713	8.946417154
2893	-16.55960931	-0.8226569827
2897	-4.538856976	-15.40850527
2898	-4.695827753	15.82461385
2899	-0.4894505214	-17.5247783
2900	13.71852821	9.061047584
2902	-1.383213964	-10.12341318
2903	-13.01042891	1.831013544
2904	11.51623854	4.935012525
2909	4.799116768	15.37793991
2911	-4.628570726	-10.45102373
2922	-10.0510748	-5.109115053
2923	-12.90912149	8.113050139
2925	12.48217725	14.65289989
2926	-13.75604047	6.452974944
2927	23.38272647	-11.65449957
2931	8.869764255	6.958290091
2932	-8.869003058	-12.39814668
2933	-1.96501009	18.85157311
2935	-10.02373944	-8.571730783
2939	-11.43666751	-14.7383031
2940	5.232110912	-10.53160994
2942	11.8387741	-18.77267632
2943	9.216268562	-17.6792642
2944	0.4719833354	35.3791756
2945	32.80952605	15.31883168
2946	14.34116934	-29.0151491
2947	-40.58314074	10.61565102
2950	-8.878576759	-15.19699623
2952	0.4302361174	16.82541751
2953	19.65410585	-1.761896143
2954	-22.05521626	-26.15239356
2955	2.159957918	12.45006771
2956	-12.86381865	13.94199142
2957	19.18792615	-1.934590542
2958	5.172363745	-10.26980678
2962	3.070285058	-10.50256257
2963	14.06074589	9.935981417
2964	-6.294888008	-15.47776731
2966	-12.20700939	14.49084438
2981	0.1960261033	12.06586294
2982	1.863532202	-14.35159964
2983	8.415079291	17.21896728
2984	-6.706407348	-19.44863551
2991	9.428768249	5.173809298
2993	7.57973865	-16.34797613
2994	-10.68519158	12.53601743
2996	18.87799426	18.88300458
2997	-33.76609984	-12.74831714
2998	5.69703226	-13.65485192
2999	-4.971825079	25.79433682
3000	12.5578199	0.3347615907
3001	-32.23722699	-21.90890258
3002	16.35401622	-20.27033078
3004	13.76625509	-3.582008084
3005	11.94048532	1.67265644
3006	-3.418109167	14.85592824
3007	-5.431973303	14.04194656
3008	-21.06531842	16.38500911
3009	15.2421597	17.49810468
3010	-15.39941653	-39.7502127
3011	-4.703267658	12.28645595
3013	-23.11655638	6.243256458
3014	14.69969442	-6.498406911
3015	21.13060112	-24.3052572
3016	-21.27170392	6.404830885
3017	-14.89546465	3.349703197
3019	35.73482324	-1.145738216
3020	-22.21907968	12.26627119
3022	11.16272978	3.948492774
3024	-8.628639349	16.142784
3027	7.858459954	-7.777537579
3037	7.490828585	9.766705006
3039	9.934883409	-2.11268145
3045	0.01972713398	18.39690986
3048	12.32938601	9.573829396
3050	-1.099246767	-10.35866192
3051	-1.441312574	-10.52457605
3052	-11.11144658	20.54517499
3055	-5.779731474	8.186420675
3058	21.79937521	-18.88607029
3059	-27.53150256	3.68820575
3062	16.46090591	8.383704328
3063	3.544602373	-16.50890214
3064	-26.88080895	-20.65343441
3065	25.89758963	16.86715847
3067	7.899402138	6.881831032
3069	-14.33498719	2.723546778
3070	8.721615698	14.49136621
3072	-25.234375	8.96875
3073	-11.93174636	-12.96212365
3074	40.53747069	-27.03120267
3075	-29.16277497	10.49282461
3076	-3.935996174	-31.29212609
3077	-18.01561344	11.52148737
3078	22.48974088	26.27561739
3079	9.033709341	7.081652105
3080	-7.7693859	-13.1929998
3081	-15.32458392	-5.739854275
3082	27.90873785	-7.875965428
3083	-5.835705112	24.72694107
3084	-23.70404788	-38.2717726
3085	17.16155392	6.545146131
3086	-21.61350801	10.72983645
3087	9.501924381	-4.69396148
3088	-14.10315494	14.5388179
3089	5.177082147	-19.74102434
3090	16.46720048	6.968483829
3091	-9.991462822	-13.57780016
3094	7.76716176	17.56268879
3095	-7.068888204	-12.53269546
3096	6.778506884	11.54998828
3103	-5.505255973	9.547080451
3108	10.84225411	7.354323909
3109	-19.1922143	1.751787802
3110	11.86707869	-7.556402388
3111	-2.570720349	22.25149553
3113	4.30955805	-10.41644636
3114	7.222881201	17.85659759
3115	2.327913825	-18.49921054
3117	-23.28828332	-13.60733702
3118	11.36384483	14.90562224
3119	10.15605063	2.421437161
3120	-12.81240027	-14.98536287
3121	23.62104461	14.17120357
3122	-17.52920915	-10.89741167
3123	19.24155996	7.85915446
3124	-14.29156415	14.07671346
3125	34.73851819	-38.55110393
3126	-23.75533157	20.096152
3127	-16.48459717	-5.687179681
3128	14.09884706	17.86587846
3129	21.55928838	-9.051578042
3130	-9.872982909	-5.155141591
3131	-18.93543508	10.20547052
3132	25.8098784	4.300633475
3133	-3.491073772	-27.80719858
3135	-18.86667275	4.18581431
3136	20.35457924	-11.21944128
3137	30.16087062	-0.1242405555
3138	-15.63277762	-20.23140511
3139	-31.62715209	35.16861048
3140	10.01342948	8.569597914
3141	28.62319102	-14.51286346
3142	-39.14365567	-19.41612397
3143	7.94148305	22.50537648
3144	-10.33074374	-14.09400254
3145	29.88744744	-1.813976067
3146	-12.76505934	-9.262031558
3147	-26.32060974	7.748126157
3149	16.38878171	10.12651418
3150	-0.8553554781	15.3628353
3151	-14.55955724	-19.26526303
3152	24.1918199	-15.41087664
3153	-34.60252497	-14.80521148
3154	-4.246125994	11.09059482
3156	9.460297981	-9.495528552
3157	-16.30130085	9.18840123
3162	-2.530278572	-11.99288185
3163	-4.646037697	-8.9418206
3164	-1.561315868	11.11361379
3168	-13.90015368	9.526401532
3174	-1.378052554	10.6648675
3176	11.94712594	13.5568529
3177	-1.90377592	-9.949391887
3178	8.430896682	-9.553453416
3180	8.626050669	-27.6849068
3181	-14.52881168	16.21560592
3182	-19.30033318	20.3015086
3183	10.99485588	-0.1465318304
3184	14.02258084	4.264221881
3185	-9.514344527	12.20056081
3186	16.09793611	-12.15716509
3189	-16.07036515	7.806499723
3190	-12.59633634	-12.7923765
3191	19.61384766	20.34352535
3192	-21.63708332	2.789525671
3193	13.08411263	1.176394888
3194	-7.566697935	-13.83029583
3195	1.344736545	-25.81264933
3196	23.42953254	10.22355864
3197	17.15661206	-24.5212446
3198	-8.03192629	13.30202577
3199	-2.929564419	37.77075008
3200	-8.449248226	-22.38886193
3201	-8.668952629	25.25260755
3202	-0.726079609	-27.83539598
3203	-20.98028869	-30.2941203
3204	1.544472962	26.83283582
3205	36.19118836	20.04280497
3206	-11.52738157	-50.14064448
3207	-9.246885194	8.408330915
3208	-14.01887685	0.8223562021
3209	13.66490276	6.906590796
3211	5.930534766	-19.52446606
3212	-8.800217312	5.251338135
3213	13.72237861	16.19544924
3214	-13.89184991	-23.14013248
3216	-16.75594608	26.62455547
3217	9.942738295	-5.72828489
3219	-17.42732958	-10.43372913
3220	24.63497042	5.419995595
3221	-16.00932788	-6.024332351
3228	-7.207760328	-7.9180669
3231	8.193968308	8.094898655
3233	-11.01761452	-7.832271876
3234	5.706489653	14.63510848
3237	-10.16038447	12.45374447
3238	2.914378646	-17.88440304
3239	10.45607854	21.38831633
3240	-22.26737247	-5.040817376
3241	14.37742437	-5.221027709
3242	15.79711257	-6.463334712
3243	-23.99605997	11.81785768
3244	-12.69217655	-5.579678401
3245	20.12826887	27.42326094
3246	-0.3259118816	-10.18025666
3247	-1.867846886	-10.34732935
3248	-7.213426835	16.64801229
3249	-10.26996494	-5.372090265
3250	11.58949512	5.496597775
3253	29.61550015	-3.192854921
3254	-5.768974564	-10.7208316
3256	7.97072805	-12.98873854
3258	25.07578899	22.42558303
3259	-10.29526357	-9.620830117
3260	-17.94305927	27.81407352
3261	-0.895344124	38.01775219
3262	-24.4566372	-0.1264960841
3263	27.44241895	-42.17787428
3264	-36.23040491	14.4672778
3265	19.07790962	-44.79498883
3266	29.38001857	26.27958086
3267	6.858565225	-23.98348257
3268	4.123810037	-12.14354917
3269	-23.74924973	46.48749411
3270	-17.1565372	-12.53015204
3271	31.45756462	13.43623255
3272	-7.827730115	16.62938267
3273	-8.191174523	-33.83827191
3274	4.144190654	13.46482077
3275	-14.9264904	-3.87204834
3276	43.12426127	-23.43609151
3277	-40.86227445	23.53803614
3278	16.96365884	-16.97590895
3282	12.33938275	-2.676783046
3283	14.86105644	-0.5787858877
3284	-8.18394651	-21.42249915
3287	6.679595605	-7.684432593
3288	-8.032757661	-6.266168603
3291	-16.82919014	3.19477133
3292	6.028688961	-11.60463494
3293	7.234581487	9.508452502
3297	16.84456268	-4.74185257
3299	-14.8116495	4.509507396
3300	8.108903805	-7.813366616
3305	-12.08323758	4.662679693
3306	-11.56646366	1.662731892
3307	22.23494983	16.07577375
3308	-5.211239585	-10.38758438
3309	9.184610405	-10.67037392
3312	-2.091351603	-19.35975334
3313	-8.748691494	16.06373365
3314	-1.109079254	17.05664894
3315	14.51761304	-23.24377214
3316	-10.7677741	23.09233405
3318	34.83357046	-17.33653192
3319	-42.6662116	21.58466852
3320	25.83707094	-11.63504797
3322	-18.20576568	27.70235741
3324	15.1244853	-10.62742793
3325	-35.05429024	-6.963620037
3326	23.73308949	-18.24253574
3327	13.77552236	19.36929011
3328	-33.89055677	10.09921598
3329	63.99442444	17.62262771
3330	-12.87181426	-16.80471197
3331	-28.33240217	29.59785232
3332	0.9958596146	-16.30764913
3333	-28.16222711	7.719505281
3335	32.21914261	-10.65138158
3336	-51.9619028	-1.059015771
3337	18.02695199	-29.31257773
3338	-1.04598892	13.36585142
3341	2.987152442	12.84271497
3344	-6.650849569	-8.567710349
3345	14.82669502	8.378758245
3346	17.47739895	-17.91833652
3347	-19.06171455	5.862888949
3348	3.62226656	-9.596687723
3349	-2.292042646	15.54972664
3350	-12.74885862	-15.76736762
3351	15.83405552	9.116885248
3355	12.23422724	5.844782954
3357	12.08216307	-2.46851081
3362	10.46256881	8.666671029
3364	2.519846248	-22.64734281
3365	6.342035236	15.52716425
3366	-14.55466964	-0.8698452279
3367	-14.31814099	5.614542039
3368	22.6221687	13.88664858
3369	-9.973001427	5.448363229
3370	14.16292762	-26.81032557
3372	-10.14390878	0.2032509293
3373	9.177118885	-23.0676833
3374	-30.4007458	19.43453946
3375	-15.28255435	-2.917505295
3376	36.99059696	8.48517576
3378	16.70809441	-20.99355618
3380	9.541865035	-10.11674266
3381	-13.56557347	1.860597512
3382	34.7281539	-15.09723082
3383	-37.03061775	30.52272847
3384	29.38455645	-27.79120741
3385	-19.14799697	28.19572985
3386	-16.02443455	-56.50574381
3387	-4.256187234	39.65549991
3388	34.16055914	1.478586683
3389	18.70246296	8.792322888
3390	1.722288164	42.71501549
3391	-39.00902155	-20.88876672
3392	-29.21229496	43.46934615
3393	45.65182125	-72.11406935
3394	-59.21029146	-35.5365846
3396	7.120028179	28.70486666
3397	24.2695967	-23.79768851
3398	-30.57154689	-4.54522342
3400	18.94986782	19.4801671
3401	12.96847313	-7.706215528
3402	-2.957560258	-24.28991418
3403	-7.197353182	28.23099501
3407	13.7217101	-2.221994209
3408	-11.88577913	0.9749065443
3409	-17.70523447	-13.40058762
3410	-1.536110674	15.04866083
3411	-9.319980444	-7.027434274
3414	-1.310922237	-10.22078668
3415	-16.79465639	4.411805635
3418	-12.43556292	-1.24355791
3420	-13.39129652	-1.589530112
3421	11.5384911	7.75380019
3423	7.748392414	-6.959960432
3424	-9.770745423	5.364202002
3427	-11.27480567	3.918802603
3428	12.26646142	3.865243093
3429	-9.099851913	21.91584803
3430	-6.304683801	-17.97090736
3431	18.00268346	8.632229588
3432	-17.03611487	-9.352760486
3433	10.8675117	1.199236124
3435	13.06139102	-16.76620936
3436	-21.09033475	-30.93526972
3437	-11.4250392	29.84097252
3439	10.35452752	11.87982018
3440	7.547623246	-9.390681632
3441	11.31986824	2.308695936
3445	-4.725402754	26.45251939
3447	12.6773547	-25.79229013
3448	-28.03119073	30.06963425
3449	41.24787373	-6.876293343
3450	-9.521666889	43.39087126
3451	-22.42262584	-1.803269247
3452	-10.96086793	25.81505298
3453	-13.3502725	-36.93921074
3454	-36.98192733	1.081840948
3455	13.84754491	-50.68178584
3456	22.2591165	-0.06526338014
3457	34.67246857	-33.07899326
3458	12.56022327	-19.45372685
3459	-45.54429452	51.50937202
3460	13.61482999	-8.478654885
3461	-13.59065329	44.91835792
3462	54.54152371	-32.25022276
3463	-30.74570882	25.07460964
3464	-9.506671359	-25.39231926
3465	13.13864164	25.64508083
3466	12.50133964	-13.92694825
3467	-18.99074481	-27.37788349
3468	17.39848973	-2.750280582
3469	-0.7131414505	11.00911237
3471	-1.311721146	14.72903307
3472	-6.272691358	-17.21897424
3473	12.96786343	8.909934583
3474	-12.3012349	-7.491868444
3479	10.7185341	-3.832062634
3480	-16.40193272	-16.74863806
3481	4.770494474	11.30324749
3482	7.345722509	9.755357868
3483	7.45449915	-16.89568813
3485	-9.498237033	5.786380936
3490	5.293523898	10.56165015
3497	12.92482581	0.2609330705
3498	-18.43770801	-19.56057078
3499	7.762228915	11.24619046
3500	9.189275221	6.931840873
3503	29.90008622	-14.81887356
3504	-37.40528152	9.102279839
3505	33.04097701	-4.733646187
3506	-28.16609252	11.75805573
3507	-9.163568106	6.995377358
3508	8.8238122	35.90964853
3510	-20.60944017	-10.58430553
3511	22.33442045	-10.09305808
3512	-20.34042492	27.7425295
3513	-16.83639472	-3.050538532
3514	28.04774541	-9.439907819
3515	-36.21609384	-22.8692126
3516	28.00726649	-35.32114683
3517	13.66323593	14.90492578
3518	1.903993426	22.79833121
3519	14.82810365	8.822172135
3520	4.05099462	-9.871257432
3521	-40.44781909	-11.71342298
3522	-4.946425763	28.22083597
3523	53.56569952	-11.1855118
3524	-39.97836781	-21.00149202
3525	19.69260359	5.8717813
3526	-16.15223893	32.96707104
3527	-4.94978729	-30.62677851
3528	39.733307	-0.893293021
3529	-35.38448092	2.683616112
3530	47.03405915	-10.49148211
3531	-17.58878033	16.50450753
3532	13.58302466	-22.24113622
3533	-15.2697156	26.76131853
3534	6.549253224	-22.51083897
3535	7.083407338	15.52594306
3536	-3.649411732	-27.92617811
3537	-28.09777619	16.31214234
3538	-6.998824554	9.234638883
3539	15.64601545	4.497723285
3540	-5.389577483	-15.65768587
3541	34.80225052	1.350242037
3542	-24.39145927	-26.02500014
3543	5.762364949	20.52052328
3545	18.51014793	-21.39354976
3548	7.408650928	8.786819476
3549	-9.280918529	-8.489075666
3551	-11.34077579	11.38173513
3552	18.27324182	3.62218063
3554	-6.689312069	-11.29381956
3555	-2.548348024	-16.01784092
3556	-13.29654103	10.91337243
3557	-0.8680166324	10.99502848
3559	18.00111548	-3.837455041
3560	-27.56279984	-4.866408089
3561	17.39316655	-9.046783029
3563	9.537800601	3.150108701
3568	-24.53891315	-17.9235871
3569	20.54539581	19.33456501
3570	-30.50807463	16.21172165
3571	45.46965382	-28.8010239
3572	-6.23154673	27.79800359
3573	-10.81476841	-24.9009622
3574	-11.47985522	13.5685866
3576	-4.336157794	16.14004058
3577	7.656897204	-29.92736285
3579	18.06260938	-31.94255108
3580	-28.10107209	78.89320978
3581	26.52932352	-36.00917023
3582	-31.94166367	3.140990269
3583	-34.76221529	34.77026438
3584	56.28103801	-24.81044257
3585	-20.78508936	-64.80836236
3586	27.57215645	-6.974197017
3587	-20.84145819	21.22559959
3588	7.801226759	15.19549544
3590	-16.409306	3.286761567
3591	0.2106025715	42.70569501
3592	12.26244932	-2.030284339
3593	10.36381175	-18.91728027
3594	-24.62190674	13.79546843
3595	26.33116747	-6.017376599
3596	-8.974404966	-11.06270814
3597	10.94458425	-12.96108113
3598	-27.69229758	18.36396505
3599	-18.55565884	0.8411920645
3600	25.86097394	14.90960857
3602	-4.549633995	-13.82642764
3603	16.51173566	-26.79986594
3604	-2.966304755	11.90071562
3606	23.99192403	-16.57816388
3608	-23.51083596	8.763953955
3609	38.0180723	-2.964194668
3610	-17.91903919	1.339082183
3612	-4.120489871	9.925388581
3614	14.96378884	11.01829938
3615	1.801642738	-10.55813511
3616	-2.045682209	-14.60559036
3619	7.049650509	-7.146218629
3621	-4.773307925	-20.56451361
3622	-11.96486792	15.67094099
3623	-1.356511553	-15.10582161
3624	7.581084762	24.13477907
3625	19.5410381	-9.905091157
3627	4.016013952	-21.52788527
3628	-8.885510259	12.37694403
3629	2.399647549	-28.98411713
3630	-19.44144588	2.805101924
3631	11.2760356	20.55771108
3632	-36.02175057	-17.73937137
3633	16.75409384	0.8481852574
3634	15.76762744	19.05329744
3635	-7.785975292	-19.46232322
3636	-12.29061894	-0.5915688445
3637	-24.74140104	29.579588
3638	11.04440785	-16.33060634
3639	21.94429387	23.98063144
3640	-23.38227946	-63.50329274
3641	36.55893871	22.74344465
3642	-13.48516783	50.32127756
3643	-63.73924887	-59.47973327
3644	-15.53175361	44.75006173
3645	-10.60849924	-47.20924537
3646	43.31357853	-6.968435943
3647	45.94767105	-47.84240745
3649	0.7388229787	39.04904983
3650	12.43303033	55.14171233
3651	-89.97949537	-58.40981944
3652	32.38546123	46.38218423
3653	-49.78013291	29.99908872
3654	64.67699586	-55.3937414
3655	-23.68596652	59.55970075
3656	-31.7971953	-28.41746095
3657	41.95327077	4.720723187
3658	8.962636196	-22.77764706
3659	-49.81697864	-47.1266152
3660	19.83733507	34.27628203
3661	-41.24807502	73.94581457
3662	42.99184668	-61.49551503
3665	-0.7985499844	-31.7020709
3666	19.7244092	34.30197172
3667	-28.80669073	12.87780099
3668	41.36248874	-19.42640779
3669	-12.69049505	14.29908884
3672	-13.65575419	-6.911557469
3676	18.46678173	6.450904122
3678	-10.35502535	-17.3545202
3680	5.363010124	16.17432495
3681	1.883318845	-22.28418384
3683	-12.97772857	11.04731847
3685	17.8649278	9.844322406
3687	19.1522755	-6.209456901
3689	-5.663636975	-8.421782021
3690	18.06229859	13.22443504
3691	-2.919010707	-27.95969362
3693	-13.00081616	2.585154642
3694	-34.6059731	-1.808176066
3695	-1.905387462	-10.87782643
3696	59.31034936	19.9076845
3697	-17.99931334	14.99608444
3698	12.92452784	-24.37919364
3699	5.342708028	14.34054858
3700	-34.36070611	13.14888057
3701	47.51681175	-44.24824367
3702	-26.7188553	2.580706392
3703	-62.00207767	-12.50875927
3704	53.26862987	46.00701142
3705	-59.91397362	-19.10487638
3706	30.50949546	-88.01278625
3707	2.570380619	77.91847074
3708	31.60354669	-55.33000984
3709	80.80682844	33.32821776
3710	-65.25709065	-18.24155079
3711	-19.06177151	76.90436565
3712	-33.11824837	-69.68581863
3713	47.87429413	-51.08213229
3714	-73.38593378	-22.13464344
3715	16.45357583	56.31404022
3716	-27.6793309	27.45437236
3717	82.72085035	1.215502489
3718	-76.25023327	9.951038337
3719	26.02473916	-32.54522825
3720	-28.6234506	18.76438395
3721	31.71852225	-53.05704859
3722	-19.59818546	69.75941798
3723	10.19915329	-29.02245443
3724	16.63129988	-5.811738654
3725	-51.04073316	-29.70346423
3726	11.04165053	32.97248749
3727	12.9305948	-13.7090997
3728	-11.85474877	-2.628190814
3729	-21.77015084	3.608748402
3730	7.377878691	13.9486786
3732	15.42706139	4.431808485
3734	-17.47993353	-4.971942265
3735	3.385892131	-12.57194191
3736	-11.77375758	-1.361530587
3737	9.471509565	-9.994496797
3738	7.581575493	15.32876522
3741	-3.911351386	13.06831939
3743	21.92019892	2.090226581
3744	-8.92553152	5.377978317
3747	12.93463872	17.25517384
3748	9.722057502	-10.56391326
3749	4.029250879	10.99558781
3750	-10.37961828	-26.04510876
3751	3.728873586	15.56142256
3753	-1.005883442	-13.96162815
3754	24.96743891	10.02408263
3755	-10.59185059	10.73905072
3756	-14.20608022	-23.13536469
3757	2.113696566	29.80435865
3758	-8.714202313	-6.457725444
3759	26.05718308	2.025058405
3760	-6.08329929	-17.62683031
3761	15.64782026	32.45143224
3762	-19.45594748	-2.757121342
3763	49.59535883	-12.99595363
3764	-36.52151424	-6.776429123
3765	-10.00412661	24.46555676
3766	23.93307089	25.68884764
3767	14.81608343	-54.52197294
3768	-44.99334945	-35.48144937
3769	44.6833166	77.88173575
3770	-42.54303102	-41.97618533
3771	30.66897535	-54.27660993
3772	-103.9022439	18.12761491
3773	84.35059584	51.19790442
3774	-48.55458492	-82.92707511
3775	98.58049589	6.534552985
3776	-4.198583032	-26.48791189
3778	-19.71586189	88.27002645
3779	-49.22132081	-47.74191209
3780	30.85941629	18.65361332
3781	-65.66087946	18.33436435
3782	25.68823963	-38.98433152
3783	38.05889824	-5.60196259
3784	-61.32946135	38.38646869
3785	23.29121017	-7.269893471
3786	10.67753582	-11.76312529
3787	-6.003234852	-19.32228894
3788	0.9783096301	-12.95925781
3789	-6.015203176	-9.202716213
3790	-33.57818963	18.35999977
3791	16.09560134	-1.969058544
3792	-2.915288364	25.07136627
3793	2.661850551	-25.24793457
3794	11.75955719	-12.50425778
3795	-19.54579277	-4.441805873
3796	12.98185964	18.80659114
3797	5.006401673	-27.52141229
3798	8.595778334	-10.59551688
3799	-35.08404868	8.32668653
3800	-1.388207896	-12.54387249
3801	8.014374498	29.15060652
3802	-5.831619136	-8.382381532
3804	-2.57888907	-10.29857666
3805	-7.085679825	8.844458251
3806	20.27556952	-9.207359905
3807	-10.18722361	5.312526973
3809	11.84321753	14.17539819
3810	19.07595268	0.45370609
3811	-8.625979812	-22.97675391
3813	-12.84275344	15.01534384
3814	-5.226836011	-10.53327619
3815	24.01125355	2.084620948
3816	-11.23014542	14.32371826
3819	2.196976235	14.99103658
3823	-23.46722793	-16.99226709
3824	19.37190012	21.89529301
3825	-17.95063097	-18.48883172
3826	-15.14513575	12.33961646
3827	45.21102156	33.15738631
3828	-50.26071353	16.70676939
3829	2.651026659	-59.75544158
3830	-13.37013572	25.967296
3831	29.66590282	-12.56694139
3832	15.56566935	-13.02891299
3833	-17.06932296	0.3635759229
3834	-17.27511374	26.85821974
3835	31.75293216	-15.86894527
3836	-18.30824247	-48.54058855
3837	-38.6687812	-19.4324888
3838	100.9533895	32.23262159
3839	13.74630885	75.11742942
3840	57.5000636	-88.76049797
3841	-89.03216933	-18.07832109
3842	-83.71152441	99.07152463
3844	14.35960309	6.462801861
3845	-4.677494855	-30.20330902
3846	42.69183213	28.40777971
3847	-24.42540951	-2.51001442
3848	32.12377413	-9.644871415
3849	-9.208032636	-46.86747527
3850	-11.76790655	9.18586672
3851	-39.44997159	-12.3228771
3852	-11.4890023	3.028205205
3853	52.9245455	11.86943714
3854	-25.2772079	5.424424591
3855	-0.2140895653	-34.46935892
3856	-3.413718231	30.40799482
3857	25.2312812	26.87913443
3858	-22.68601852	-9.473859881
3859	42.54437286	-26.45250835
3860	-23.89109515	4.355384474
3862	0.909752256	20.31962682
3863	-18.07487339	10.86911717
3864	19.35513826	-16.16848941
3867	-10.74520003	0.003928307847
3868	-1.162963902	18.42121513
3869	3.421311743	-16.89640408
3872	1.621195856	-13.16084592
3875	2.55315447	20.40811201
3876	12.88502927	-2.704988011
3877	-3.684595486	-10.78534321
3878	-3.213361269	12.76795946
3879	-24.81196328	29.05521642
3883	19.23037524	-18.39343037
3884	-18.93692186	2.126248828
3885	-25.70300699	-5.049016141
3886	4.300505112	-16.31306901
3887	19.97388459	-10.84552299
3888	-20.42128847	-10.92722385
3889	4.297374726	52.94447086
3891	16.6767342	18.13191212
3892	27.07988154	-39.568695
3893	-28.11887366	-24.85007132
3894	-2.230774787	-18.09265183
3895	-30.15796212	14.17985578
3896	37.13080402	11.72693332
3897	-0.9518910344	-28.8404735
3899	44.32654486	-27.32765168
3900	-63.71016009	23.18574182
3901	37.27490033	29.0090047
3902	18.19665441	86.58990771
3903	-45.76726466	-71.21666768
3904	31.18017592	-82.13042526
3905	-92.0972329	36.44495899
3906	21.3997629	98.9215421
3907	43.06644796	-75.48419004
3908	-104.1004253	66.15652389
3909	37.12786667	1.221692951
3910	-51.19998746	-33.335231
3911	39.86285596	-56.19555048
3912	-23.1610044	24.63547357
3913	26.74233578	34.61677044
3914	38.3998325	5.315380303
3915	-45.85061306	-3.538799267
3916	2.858364642	-45.13662547
3917	-25.61866426	18.59440203
3918	45.87290214	32.84516514
3919	21.80798125	-6.284930289
3920	-25.10675502	-28.98155702
3921	-24.90259994	2.714300606
3922	-7.284715843	-33.13698307
3923	30.72330178	16.59817108
3924	19.21875	3.479501382
3925	44.64583353	5.93063617
3926	-32.26609987	5.901761723
3927	18.62905515	-15.49040677
3928	-6.395466387	-30.41840664
3929	11.87866857	11.13421989
3930	-0.1495289741	-13.91172835
3931	9.901961347	53.56331441
3932	-2.9681381	-9.919949516
3934	10.74203013	13.02119873
3937	6.815193778	15.53543561
3939	16.55931829	23.95818166
3940	-18.10815734	4.374937249
3942	13.00347223	33.4758492
3943	-6.164870203	-12.32285089
3944	-21.07918802	-14.61120211
3949	-18.92964066	-28.42650407
3950	29.76312772	20.10079747
3951	-10.81740076	17.39080735
3952	10.33617684	-2.578008496
3953	3.538908495	-30.88523978
3954	8.530750272	-12.06691521
3955	-19.58301902	-15.0442757
3956	-0.6905880614	39.24724424
3957	20.2847438	17.80034625
3958	41.70567646	-12.45148362
3959	-22.22257649	-45.06993917
3960	9.499162099	16.21325028
3961	-71.85995887	28.9415111
3962	83.15804202	3.482044304
3963	-151.4356745	-24.95023013
3964	38.80042646	-96.74802646
3965	31.50856704	18.68705078
3966	-31.35248658	120.7772906
3967	234.2391245	-108.3532075
3968	-58.03107717	-29.71465366
3969	-192.2038073	144.3422082
3970	19.12042409	-53.67508971
3971	-44.68980818	-44.19780223
3972	-64.57823243	-18.46037185
3973	45.38351794	25.45543481
3974	-41.12370556	53.00325931
3975	99.00622715	-26.28701609
3976	-52.74984643	35.68124435
3977	-6.113568192	-35.20995538
3978	-113.0896783	-46.20855427
3979	78.3530909	-13.76939385
3980	69.49918223	14.8402687
3981	-29.80931623	-16.18384383
3982	13.87764819	-75.82605821
3983	-28.57015415	83.27358495
3984	14.85009421	6.305876928
3985	-27.06076936	33.70124262
3986	5.931685479	43.01343806
3987	24.15504228	-62.18933056
3988	-3.338575667	-17.71269751
3989	12.72659875	26.70231258
3990	-61.04099259	9.622456958
3991	-23.89653246	-33.2567644
3992	30.617576	-17.71666088
3993	19.03939505	9.599594906
3994	24.42679004	38.14135956
3995	-25.84074516	21.84979626
3996	-57.85314991	18.31947924
3998	8.596018652	-6.784150034
3999	-13.6778137	7.640400508
4001	-28.32528825	16.80349522
4002	17.3026892	3.203517201
4003	-22.5600157	-14.01183717
4004	23.95585842	-1.701465154
4005	24.6863328	-12.5304699
4006	-29.33575714	1.967816856
4007	-20.12953922	-9.992091717
4008	16.09388178	16.5398556
4009	26.39542662	-16.96811927
4010	22.29662006	-6.488250202
4011	1.102248832	15.30409435
4012	-25.10151658	-4.042605881
4013	40.78780745	-8.306034656
4014	7.271826916	14.3141036
4016	22.40493484	-37.46112416
4017	-71.87116862	32.92674446
4018	-7.704382877	40.46066856
4019	39.2691632	5.51479348
4020	-9.589957505	75.82819096
4021	-28.49615698	-137.417524
4022	10.56582011	-1.458608534
4023	29.4331604	18.0924628
4024	6.068597766	-41.57077824
4026	-10.60245663	8.705866861
4027	-41.92566376	31.35393062
4028	74.52701369	-147.2536616
4029	-125.0356518	125.5330365
4030	124.3028902	-93.46009132
4031	113.2647861	11.71975457
4032	-55.80324395	113.8006455
4033	-153.2574799	-112.6297124
4034	54.70546575	121.5696577
4035	-78.28629732	119.3085202
4036	-75.9179072	-130.5585373
4037	67.55595966	-189.7994703
4038	70.34820775	44.46889296
4039	-43.61352952	-49.50110314
4040	-21.83932579	1.423671136
4041	-77.11462479	60.98210951
4042	156.3522138	-95.81508296
4043	-32.66941064	-159.451655
4044	102.48446	-15.78782263
4045	-38.73016756	123.7777765
4046	-22.88781335	90.37860932
4047	30.75182072	-42.64054793
4048	11.90189219	-107.4557584
4049	102.2863229	-9.394680174
4050	-6.444950701	110.6611348
4051	-9.993415605	118.426368
4052	30.69864159	-93.9437698
4054	3.289223623	-40.58110983
4055	-14.1818742	-22.6333568
4056	-31.55961729	76.77651071
4058	-3.291886436	-15.28019323
4059	20.48339839	-16.56240766
4060	-31.30616761	-8.735514121
4061	-17.0254241	35.1037173
4062	4.682164309	17.77538814
4063	6.676555259	23.73060775
4064	-6.465666383	13.19065031
4066	-25.45118807	12.87748873
4067	-15.60108129	24.1147234
4068	33.040747	-12.74374454
4069	18.64873692	45.12535963
4070	1.404043465	-25.39967982
4071	-10.4422764	-23.12553965
4072	-10.43778324	5.868158364
4073	59.91261048	-0.7516073557
4074	15.12560023	-5.278658191
4075	7.335461444	19.86774515
4076	-34.67110903	-24.80409549
4077	-23.95417369	-20.83050001
4078	-26.8572387	14.30507215
4079	30.76051557	-1.2404504
4080	32.36737724	19.08661917
4081	26.79831202	-31.7857009
4082	-90.35871395	28.22858538
4083	52.9009044	31.41621669
4084	16.06952438	-20.98818897
4085	67.84358868	-51.89422214
4086	16.14629203	-20.24743733
4087	-114.7903511	6.233279112
4088	79.17786029	71.90931395
4089	-46.21740679	-92.2338761
4090	-151.2732306	97.47551896
4091	104.160643	-322.6786039
4092	192.012355	249.7051321
4093	298.0426911	-262.1546248
4094	-198.0216	427.7996007
4095	-192.8376792	75.23445555
